[UnityWebRequest::Put]: "https://game-archero-v1.habby.com",[13,54,0,82,0,0,0,101,0,32,0,97,102,97,97,102,55,54,53,49,99,56,99,51,99,100,50,97,57,56,98,55,101,56,100,51,55,57,97,101,57,99,53,18,0,50,49,54,53,49,49,52,51,49,56,53,49,57,53,52,55,54,57,0,0,85,42,0,0,0,0,0,0,0,0,0,0,0,0,0,0,0,0,0,0,0,0]
[UnityWebRequest::Put]: "https://game-archero-v1.habby.com",[13,63,0,66,0,0,0,101,0,32,0,97,102,97,97,102,55,54,53,49,99,56,99,51,99,100,50,97,57,56,98,55,101,56,100,51,55,57,97,101,57,99,53,18,0,50,49,54,53,49,49,52,51,49,56,53,49,57,53,52,55,54,57,86,42,0,0,1,0,0,0]
[UnityWebRequest::Put]: "https://game-archero-v1.habby.com",[13,113,0,68,0,0,0,101,0,32,0,97,102,97,97,102,55,54,53,49,99,56,99,51,99,100,50,97,57,56,98,55,101,56,100,51,55,57,97,101,57,99,53,18,0,50,49,54,53,49,49,52,51,49,56,53,49,57,53,52,55,54,57,0,0,87,42,0,0,0,0,0,0]
[UnityWebRequest::Put]: "https://game-archero-v1.habby.com",[13,115,0,68,0,0,0,101,0,32,0,97,102,97,97,102,55,54,53,49,99,56,99,51,99,100,50,97,57,56,98,55,101,56,100,51,55,57,97,101,57,99,53,18,0,50,49,54,53,49,49,52,51,49,56,53,49,57,53,52,55,54,57,0,0,88,42,0,0,0,0,0,0]
[UnityWebRequest::Put]: "https://game-archero-v1.habby.com",[13,41,0,66,0,0,0,101,0,32,0,97,102,97,97,102,55,54,53,49,99,56,99,51,99,100,50,97,57,56,98,55,101,56,100,51,55,57,97,101,57,99,53,18,0,50,49,54,53,49,49,52,51,49,56,53,49,57,53,52,55,54,57,0,0,0,0,1,0,0,0]
[UnityWebRequest::Put]: "https://game-archero-v1.habby.com",[13,119,0,68,0,0,0,101,0,32,0,97,102,97,97,102,55,54,53,49,99,56,99,51,99,100,50,97,57,56,98,55,101,56,100,51,55,57,97,101,57,99,53,18,0,50,49,54,53,49,49,52,51,49,56,53,49,57,53,52,55,54,57,0,0,89,42,0,0,0,0,0,0]




[UnityWebRequest::SetRequestHeader]: "HabbyTime","1676780626"
[HTTPSendClient::GetSHA256]: 1676780626,[13,41,0,66,0,0,0,101,0,32,0,97,102,97,97,102,55,54,53,49,99,56,99,51,99,100,50,97,57,56,98,55,101,56,100,51,55,57,97,101,57,99,53,18,0,50,49,54,53,49,49,52,51,49,56,53,49,57,53,52,55,54,57,0,0,0,0,1,0,0,0]
[UnityWebRequest::SetRequestHeader]: "HabbyCheck","BCA23E06FABF990D6617EFD2DEEB8C0BFFC9CC372F926DAA4530DC27A2B4A35B"
[UnityWebRequest::SetRequestHeader]: "HabbyVersion","101"
[UnityWebRequest::SetRequestHeader]: "HabbyType","41"

HabbyTime: unix timestamp now
GetSHA256: unixtimestamp, constant bytes: [13,41,0,66,0,0,0,101,0,32,0,97,102,97,97,102,55,54,53,49,99,56,99,51,99,100,50,97,57,56,98,55,101,56,100,51,55,57,97,101,57,99,53,18,0,50,49,54,53,49,49,52,51,49,56,53,49,57,53,52,55,54,57,0,0,0,0,1,0,0,0]
HabbyCheck string is generated (GetSha256) from Bytes and unix timestamp: BCA23E06FABF990D6617EFD2DEEB8C0BFFC9CC372F926DAA4530DC27A2B4A35B